"5556":
  55:
    orientation:
      w: 0.011151708317147156
      x: 0.6485383558175796
      y: 0.05317686087788847
      z: 0.7592403189387493
    position:
      x: -0.021340855978490083
      y: 0.07177137570082696
      z: -0.020928850316767725
  56:
    orientation:
      w: 0.558907807119328
      x: 0.43592294339048465
      y: -0.5095356006474395
      z: 0.48781832913462136
    position:
      x: 23.71508315508231
      y: 57.37892642589381
      z: -0.08940689905232974

